                             CKD DEVICES

               DATA  ALT  TRACKS/  BYTES/   BYTES/        BYTES/
DISK TYPE      CYLS  CYLS   CYL    TRACK     CYL          MODULE

2305-1          48    6      8    14,136   113,088       5,428,224
2305-2          96   12      8    14,660   117,280      11,258,880
2311           200    3     10     3,625    36,250       7,250,000
2314           200    3     20     7,294   145,880      29,176,000
3330-1         404    7     19    13,030   247,570     100,018,280
3330-11        808    7     19    13,030   247,570     200,036,560
3340-35        348    1     12     8,368   100,416      34,944,768
3340-70        696    2     12     8,368   100,416      68,889,536
3350           555    5     30    19,069   572,070     317,498,850
3375           959    1     12    35,616   427,392     409,868,928
3380 A/B/D/J   885    1     15    47,476   712,140     630,243,900
3380 E        1770    2     15    47,476   712,140   1,260,487,800
3380 K        2655    3     15    47,476   712,140   1,890,731,700
EMC3380K+     3339    3     15    47,476   712,140   2,377,835,460
EMC3380K++    3993    3     15    47,476   712,140   2,843,575,020
3390-1        1113    1     15    56,664   849,960     946,005,480
3390-2        2226    1     15    56,664   849,960   1,892,010,960
3390-3        3339    1     15    56,664   849,960   2,838,016,440
3390-9       10017    3     15    56,664   849,960   8,514,049,320
3390-27      32760    3     15    56,664   849,960  27,844,689,600
3390-54      65520    3     15    56,664   849,960  55,689,379,200
9345-1        1440    0     15    46,456   696,840   1,003,449,600
9345-2        2156    0     15    46,456   696,840   1,502,387,040


                            FBA DEVICES

            BYTES/  BLOCKS/  BLOCKS/   BLOCKS/    BYTES/
DISK TYPE   BLOCK   TRACK    CYLINDER  ACTUATOR   ACTUATOR

3310         512      32       352     125,664    64,339,968
3370-Al/B1   512      62       744     558,000   285,696,000
3370-A2/B2   512      62       744     712,752   364,929,024
9313-1/14    512      96       480     246,240   126,074,880
9332-200     512      73       292     360,036   184,338,432
9332-400     512      73       292     360,036   184,338,432
9332-600     512      73       292     554,800   284,057,600
9335         512      71       426     804,714   412,013,568
9336-10      512      63       315     920,115   471,098,880
9336-20/25   512     111       777   1,672,881   856,515,072
0671         512      63       504     574,560   294,174,720
0671-04      512      63       504     624,456   319,721,472
0671-08      512      63       504     513,072   262,692,864




Original data provided courtesy of:

        John Broughton
        SDI (www.sdisw.com)
        sales@sdisw.com
        jdb@netcom.ca
        Tel: 416 488 9303
        Fax: 416 488 9780

(SDI is the seller of a TN3270 program called TN3270 Plus)
(SDI device capacity page: http://www.sdisw.com/vm/dasd_capacity.html)

(Note: Tom Brennan also makes a very nice 3270 emulator called
 Vista tn3270. See http://www.tombrennansoftware.com for details)

(Updated 6/23/2002: added entries for 9313 and 0671 models
thanks to data provided by Tomas Masek <tomas_masek@cz.ibm.com>)

(Updated May 2005: added entry for 3390-27)
